tf.Tensor(
[[[4.15213111e-13 5.00000000e-01 5.00000000e-01 2.80013755e-11
   1.82937132e-08 7.22357507e-09 3.55161086e-04 6.15371789e-07
   5.00000000e-01]
  [8.16155739e-25 5.00000000e-01 5.00000000e-01 2.69902771e-15
   2.06733849e-15 5.55456939e-13 2.05881290e-09 1.75607884e-09
   5.00000000e-01]
  [1.47406922e-28 5.00000000e-01 5.00000000e-01 5.03518524e-16
   5.29708994e-17 1.13854767e-13 2.59963995e-10 3.52470664e-10
   5.00000000e-01]
  [9.31876673e-32 5.00000000e-01 5.00000000e-01 1.36298454e-17
   1.03255146e-18 8.28905172e-16 7.81968674e-12 1.44298124e-11
   5.00000000e-01]
  [4.90052357e-31 5.00000000e-01 5.00000000e-01 5.33735436e-18
   5.04126755e-18 1.44566999e-15 8.83090545e-11 7.70043664e-12
   5.00000000e-01]
  [4.09012084e-32 5.00000000e-01 5.00000000e-01 6.03571979e-18
   7.86957353e-19 4.82301513e-16 6.78865471e-12 5.85682024e-12
   5.00000000e-01]
  [3.32011303e-31 5.00000000e-01 5.00000000e-01 4.55026265e-18
   3.84873615e-18 1.08511760e-15 7.00682568e-11 5.92042431e-12
   5.00000000e-01]
  [1.47574358e-31 5.00000000e-01 5.00000000e-01 1.76006560e-18
   6.30163892e-18 1.07730161e-15 9.96516758e-11 5.80529006e-13
   5.00000000e-01]
  [1.01896305e-31 5.00000000e-01 5.00000000e-01 1.65270542e-18
   5.13620886e-18 6.28611155e-16 8.67372216e-11 2.57084935e-13
   5.00000000e-01]
  [9.96947103e-32 5.00000000e-01 5.00000000e-01 1.42512756e-18
   5.59804158e-18 9.02921240e-16 9.37191297e-11 4.08807021e-13
   5.00000000e-01]
  [2.10492506e-31 5.00000000e-01 5.00000000e-01 3.41066853e-18
   9.25149982e-18 6.11170429e-16 1.86975241e-10 6.24599981e-13
   5.00000000e-01]
  [1.55995021e-32 5.00000000e-01 5.00000000e-01 9.66134031e-19
   1.44520716e-18 2.45032841e-16 2.15598199e-11 1.78990476e-13
   5.00000000e-01]
  [1.11839495e-31 5.00000000e-01 5.00000000e-01 5.00750700e-18
   4.74675692e-18 1.24515675e-15 1.15618695e-10 1.72470404e-12
   5.00000000e-01]
  [1.35821249e-31 5.00000000e-01 5.00000000e-01 1.31718731e-18
   7.23291691e-18 5.65446267e-16 1.27479291e-10 1.06334544e-13
   5.00000000e-01]
  [9.46089575e-32 5.00000000e-01 5.00000000e-01 1.42346513e-18
   5.53299127e-18 7.25797598e-16 9.87058352e-11 2.75460698e-13
   5.00000000e-01]
  [3.96898897e-31 5.00000000e-01 5.00000000e-01 3.88415478e-18
   1.33605336e-17 6.61930467e-16 2.54473359e-10 3.56392379e-13
   5.00000000e-01]
  [2.28423708e-32 5.00000000e-01 5.00000000e-01 1.30019537e-18
   2.23061536e-18 3.75951259e-16 3.26461046e-11 1.61739274e-13
   5.00000000e-01]
  [8.95022339e-32 5.00000000e-01 5.00000000e-01 5.69373769e-18
   3.67585374e-18 1.25571883e-15 9.17887155e-11 2.27974237e-12
   5.00000000e-01]
  [1.68601360e-32 5.00000000e-01 5.00000000e-01 9.58623438e-19
   1.30488900e-18 1.26038317e-16 1.99732991e-11 1.03810705e-13
   5.00000000e-01]
  [2.89320404e-31 5.00000000e-01 5.00000000e-01 5.10772861e-18
   9.23785216e-18 7.02212177e-16 1.66767419e-10 9.28286311e-13
   5.00000000e-01]
  [1.96999203e-32 5.00000000e-01 5.00000000e-01 1.44577709e-18
   1.92594985e-18 4.03279612e-16 2.73402828e-11 2.45510155e-13
   5.00000000e-01]
  [9.70803991e-32 5.00000000e-01 5.00000000e-01 5.02692961e-18
   4.18060142e-18 1.21317342e-15 9.90437871e-11 2.23598939e-12
   5.00000000e-01]
  [1.71825756e-32 5.00000000e-01 5.00000000e-01 1.31760586e-18
   1.83337779e-18 3.82493371e-16 2.66323717e-11 2.45310770e-13
   5.00000000e-01]
  [8.19178386e-32 5.00000000e-01 5.00000000e-01 5.97185897e-18
   3.16700739e-18 1.18622687e-15 8.36249681e-11 2.34020594e-12
   5.00000000e-01]
  [1.69487389e-32 5.00000000e-01 5.00000000e-01 1.31769634e-18
   1.81358109e-18 3.79764204e-16 2.63472109e-11 2.41150822e-13
   5.00000000e-01]
  [1.42123497e-31 5.00000000e-01 5.00000000e-01 3.20744990e-18
   7.12985930e-18 5.56892823e-16 1.43510995e-10 9.23352432e-13
   5.00000000e-01]
  [7.11595086e-32 5.00000000e-01 5.00000000e-01 1.51631202e-18
   4.41020815e-18 7.77447761e-16 8.04679864e-11 3.81314690e-13
   5.00000000e-01]
  [1.80941612e-31 5.00000000e-01 5.00000000e-01 2.65241336e-18
   8.92590747e-18 5.08599292e-16 1.92148852e-10 4.77793423e-13
   5.00000000e-01]
  [1.74358594e-32 5.00000000e-01 5.00000000e-01 1.05432493e-18
   1.94890494e-18 3.34688155e-16 2.83571517e-11 1.83104806e-13
   5.00000000e-01]
  [1.80127582e-31 5.00000000e-01 5.00000000e-01 2.28795428e-18
   9.21230386e-18 4.55393394e-16 1.90493607e-10 4.48319198e-13
   5.00000000e-01]
  [1.68194081e-32 5.00000000e-01 5.00000000e-01 1.01883123e-18
   1.85901274e-18 3.22758066e-16 2.71330042e-11 1.80334114e-13
   5.00000000e-01]
  [8.24545752e-32 5.00000000e-01 5.00000000e-01 4.86643465e-18
   3.57585795e-18 1.15504049e-15 8.58942986e-11 2.29134680e-12
   5.00000000e-01]]], shape=(1, 32, 9), dtype=float32)